312017
100272
143672
327968
2925
2932
109239
39455
311494
2926
348535
88552
2961
160604
46462
485358
632150
5961
1333877
2916
505693
49980
40633
2866
47934
400756
5936
36767
151035
342563
182087
626734
439317
160619
66791
39447
285985
192219
89963
66468
156230
156230
156230
156230
156230
156230
407301
160619
340204
210733
160621
665100
283647
283649
2966
2969
2969
2969
2969
43686
268820
321610
1032511
938130
89957
89957
39448
2945
39449
39449
133427
223996
311385
311385
2972
73915
268821
447022
71861
141414
181622
197538
1082188
104179
293213
377605
631057
174948
993574
462645
230996
2923
693140
285029
187299
35107
1169540
33630
5878
27997
187298
5794
877183
1280412
431838
431837
5977
2864
35086
194287
5988
6020
6000
33829
141411
197905
5934
211030
194288
35094
194286
333946
200605
197907
88560
447211
35087
33831
40984
2953
5957
31277
2964
1239064
2910
27998
198613
197906
2942
6001
2970
89954
88547
200604
486728
37093
88548
1123714
219171
39451
219173
6002
219172
39452
47932
1333875
100127
1502944
1129376
33834
66801
66802
1003176
158377
197908
283645
66804
106394
174810
66803
27999
767765
210731
2943
311384
1573500
211026
60004
141412
89955
252141
291294
1691972
35105
211023
143671
2924
88551
2960
46461
485356
632149
5959
1482939
505692
49979
40632
2865
47933
400754
5935
342562
182086
373097
2912
2955
60594
2918
156229
157684
160618
340203
210732
160620
346246
283646
152459
283648
665866
2965
2968
766107
2867
28000
88562
89956
2944
133426
49977
311385
2971
73914
1229733
54902
141413
60005
2949
5890
2922
693139
285028
35106
1169538
633875
279888
143672
327968
2925
2932
109239
39455
311494
2926
88552
2961
160604
46462
485358
632150
5961
1333877
505693
348535
49980
40633
2866
47934
400756
36767
151035
342563
182087
439317
66791
39447
285985
192219
89963
66468
156230
407301
160619
340204
210733
160621
665100
283647
5936
283649
2916
2966
2969
43686
268820
330153
31276
938130
89957
39448
2945
39449
133427
223996
2972
73915
626734
447022
268821
71861
141414
181622
197538
1082188
104179
631057
174948
230996
311979
293275
462645
5911
2923
693140
285029
35107
1169539
187299
100272
321610
1032511
765179
293213
377605
312017
1169540
993574
