635003
635002
265536
296543
265537
265536
265554
33640
33640
420275
202472
49237
426623
426625
240364
230516
122233
420782
240364
947934
216773
218684
671091
1158023
216820
29205
2856
1118495
83371
49249
49249
49249
49249
49249
186043
49252
265572
186039
186038
186038
210454
374046
163515
163516
163516
515479
265543
265543
265543
145522
2857
913974
2838
2839
2850
216777
420281
697910
44445
44445
44447
44447
183588
476440
476441
37319
37318
37318
3005
2843
267566
267565
267983
267567
267567
267567
267567
267567
267567
216823
265584
210615
515487
210618
265551
186022
33649
33649
420261
420259
385413
637379
159749
35128
265564
49265
49265
35127
35127
67004
67004
1049557
1003142
2836
5747
33849
33836
33853
589449
33850
33840
33854
33843
33846
33844
33837
420266
420268
420265
420270
163513
33851
265576
420269
216785
216817
420262
33838
425074
33855
420267
420271
33841
38748
426672
426665
216758
33847
232508
265535
265577
49232
33852
59795
49236
49241
38747
216818
49244
186041
33839
33856
1543679
49250
163514
210596
49247
425072
38749
33845
33848
265582
1365474
33842
210450
38755
29202
210587
265536
59796
33639
1246681
265578
49233
49237
49242
33641
216819
29203
2852
1118494
83370
49248
186042
49251
265571
186035
210452
374046
163515
210597
265542
5748
2857
2838
2849
216776
41953
3004
2842
265583
210615
3006
210617
186019
33648
35127
515469
1003065
913972
1171708
1082658
265554
33640
1158023
420275
202472
426623
426625
230516
122233
420782
240364
947934
216773
218684
671091
216820
29205
2856
1118495
83371
49249
186043
49252
265572
186039
186038
210454
163516
515479
265543
145522
2839
2850
216777
420281
697910
44445
44447
183588
476440
476441
37319
37318
3005
2843
267566
267565
267983
267567
216823
265584
515487
210618
265551
186022
33649
420261
420259
385413
159749
35128
265564
49265
67004
1049557
1003142
913974
637379
556484
