143672
327968
2925
2932
109239
39455
311494
2926
88552
2961
160604
632150
2916
2866
47934
400756
439317
160619
39447
285985
89963
66468
156230
156230
156230
156230
156230
156230
407301
160619
210733
160621
2966
2969
2969
2969
2969
43686
268820
89957
89957
39448
2945
39449
39449
133427
2972
73915
268821
447022
71861
104179
293213
377605
631057
174948
993574
462645
230996
2923
285029
100272
2864
447211
40984
2953
2964
1239064
2910
2942
2970
89954
88547
88548
1123714
39451
39452
47932
1129376
33834
66801
66802
1003176
66804
174810
66803
210731
2943
1573500
89955
252141
1691972
143671
2924
88551
2960
632149
2865
47933
400754
373097
2955
60594
2918
156229
157684
160618
210732
160620
665866
2965
2968
766107
2867
89956
2944
133426
2971
73914
54902
2949
2922
285028
633875
279888
143672
327968
2925
2932
109239
39455
311494
2926
88552
2961
160604
632150
2866
47934
400756
439317
39447
285985
89963
66468
156230
407301
160619
210733
160621
2916
2966
2969
43686
268820
89957
39448
2945
39449
133427
2972
73915
447022
268821
71861
104179
631057
174948
230996
311979
293275
462645
2923
285029
765179
293213
377605
993574
