127549
156173
156174
72548
72548
412157
259385
221442
280463
2903
2903
2903
2903
119497
38817
97495
37099
37099
37098
40639
483367
44452
2832
298111
33657
33657
33657
118079
33656
13221
97485
97485
418940
33656
2830
1538618
418917
73027
73020
73026
418919
73028
483366
418931
1136790
418933
418951
418966
418969
418920
418918
418967
127548
35140
259384
97491
2902
119496
38816
1090112
97494
37098
2831
33656
13220
418939
35143
127549
412157
259385
221442
2903
119497
38817
156173
156174
97495
37099
40639
44452
2832
298111
483367
33657
118079
13221
97485
72548
418940
280463
