33651
33653
33652
763924
2880
622258
403677
164328
67593
702273
627963
215587
87102
87120
876976
4773
1112570
96639
44056
44056
44058
91992
172717
91990
91990
44440
96789
284809
1104430
1104430
1486917
35687
98059
94617
236787
236787
236786
236786
114041
536047
536047
536046
39354
2988
483370
483369
483371
2985
2985
420556
36769
37642
36770
35679
35677
35677
124430
172671
35684
35684
1034831
54406
89044
1181717
1462469
109269
109269
5204
91989
157124
35493
2833
131221
3193
58023
78536
58024
3398
1437183
71240
91827
1437201
5302
155619
2825
39119
35131
4762
35675
38410
557229
33859
96638
114041
452333
71274
91888
33651
68889
658125
96792
35685
590977
4143
98652
35680
54409
4776
1004267
590978
45651
420622
2974
483368
227332
238884
658124
98651
704141
4136
420617
88165
36768
1004268
48595
1649285
33674
2975
372997
216706
216718
87110
420535
44055
44057
91990
33652
44439
2997
284809
1104430
35686
98059
94616
236786
2828
2988
2985
36769
35678
35676
39175
124429
4783
172670
35683
35673
5375
54406
4772
89043
1181712
4774
2976
1299920
87111
627963
215587
87102
44056
44058
91992
33653
44440
96789
35687
94617
236787
2829
483371
420556
37642
36770
483369
35679
35677
483370
1462469
39354
124430
4784
4785
4787
164328
67593
172671
35684
1034831
87120
4773
89044
1181717
1112570
109269
96639
702273
536046
536047
763924
403677
876976
172717
622258
