100127
100272
1003176
1032511
104179
106394
1082188
109239
1123714
1129376
1169538
1169539
1169540
1229733
1239064
1280412
1333875
1333877
133426
133427
141411
141412
141413
141414
143671
143672
1482939
1502944
151035
152459
156229
156230
1573500
157684
158377
160604
160618
160619
160620
160621
1691972
174810
174948
181622
182086
182087
187298
187299
192219
194286
194287
194288
197538
197905
197906
197907
197908
198613
200604
200605
210731
210732
210733
211023
211026
211030
219171
219172
219173
223996
230996
252141
268820
268821
279888
27997
27998
27999
28000
283645
283646
283647
283648
283649
285028
285029
285985
2864
2865
2866
2867
2910
2912
291294
2916
2918
2922
2923
2924
2925
2926
2932
293213
293275
2942
2943
2944
2945
2949
2953
2955
2960
2961
2964
2965
2966
2968
2969
2970
2971
2972
311384
311385
311494
311979
312017
31276
31277
321610
327968
330153
333946
33630
33829
33831
33834
340203
340204
342562
342563
346246
348535
35086
35087
35094
35105
35106
35107
36767
37093
373097
377605
39447
39448
39449
39451
39452
39455
400754
400756
40632
40633
407301
40984
431837
431838
43686
439317
447022
447211
462645
46461
46462
47932
47933
47934
485356
485358
486728
49977
49979
49980
505692
505693
54902
5794
5878
5890
5911
5934
5935
5936
5957
5959
5961
5977
5988
6000
60004
60005
6001
6002
6020
60594
626734
631057
632149
632150
633875
66468
665100
665866
66791
66801
66802
66803
66804
693139
693140
71861
73914
73915
765179
766107
767765
877183
88547
88548
88551
88552
88560
88562
89954
89955
89956
89957
89963
938130
993574
