225041
1034604
554065
77921
1155430
3055
81844
1461542
1461546
44458
1461544
1461543
3068
1075084
41875
41875
464262
327068
3052
574566
3702
195967
195969
3047
1461545
564608
38833
38833
38833
38833
38833
38833
38833
38833
296587
38833
38833
38833
38833
156128
436017
548131
548131
548131
548131
548131
548131
548131
548131
385169
70448
249345
464278
88271
88271
51329
156131
156133
676789
38822
1461541
41880
41880
41880
41880
41879
36882
36882
36894
36898
1461547
1074897
63592
3165
582737
3165
33090
3041
3152
1541723
114040
1541724
1524962
3166
1035538
1242998
75966
75981
1035539
3042
35460
35426
1525213
13792
42111
485343
38834
1525212
3051
35461
35429
35472
1525216
1525217
3043
41873
41878
3065
41874
3052
3071
41891
195966
77921
195968
3044
13607
38832
31311
70447
249344
88270
3049
110669
156132
38835
41879
36882
29646
3164
3066
41875
225041
1034604
327068
554065
248742
195967
195969
3047
1155430
81844
1461545
296587
38833
156128
242159
548131
385169
70448
249345
464278
88271
51329
156131
156133
676789
44458
1461542
1461546
1461543
1461541
41880
36894
36898
1461547
1074897
63592
582737
3165
3067
1461544
1075084
574566
564608
436017
3068
