33208
6072
33213
33511
33317
1206794
1206795
88770
6340
6656
7711
6073
6447
6040
197563
197562
89593
6657
7712
7742
7776
117570
117571
8287
1338369
32523
32524
7898
186623
6101
30302
6605
6042
40674
72037
6341
32525
9347
1437010
6606
6830
1779146
6102
41665
105387
215449
116569
32443
1489341
186625
1489388
41705
314146
314145
215451
116571
91561
314147
6103
6342
9721
6049
6638
9989
8006
72033
6646
9722
33553
337687
72034
51292
9726
45349
10066
178475
6647
41302
8015
39107
504568
178513
51293
72035
10088
45350
6643
34763
9732
8028
862507
400682
283909
72036
10090
45351
37653
34765
9733
8030
