10090
147537
28009
28010
284592
33154
451864
4751
4890
4891
4892
4958
4959
58641
716545
766764
81532
81824
400682
109871
283909
4959
72036
45351
37653
34765
9733
8030
946362
559292
179400
195065
195067
233186
2896
2898
301223
302021
3027
3028
3030
3032
31323
31324
354590
37096
464988
464990
46946
46947
46948
52970
55528
55529
589342
589343
589344
589345
589350
589351
697907
77924
77926
77927
77928
905079
96335
5878
431838
431837
5977
194287
5988
6020
33829
197905
5934
211030
194288
194286
197907
88560
33831
5957
31277
486728
37093
219173
100127
1502944
283645
5878
431838
431837
5977
194287
5988
6020
33829
197905
5934
211030
194288
194286
197907
88560
33831
5957
31277
486728
37093
219173
100127
1502944
283645
767765
311384
60004
291294
49979
5935
342562
152459
283648
88562
49977
311385
60005
5890
49980
151035
342563
5936
283649
938130
223996
197538
5911
312017
