100127
10090
109871
147537
1502944
151035
152459
179400
194286
194287
194288
195065
195067
197538
197905
197907
211030
219173
223996
233186
28009
28010
283645
283648
283649
283909
284592
2896
2898
291294
301223
302021
3027
3028
3030
3032
311384
311385
312017
31277
31323
31324
33154
33829
33831
342562
342563
34765
354590
37093
37096
37653
400682
431837
431838
451864
45351
464988
464990
46946
46947
46948
4751
486728
4890
4891
4892
4958
4959
49977
49979
49980
52970
55528
55529
559292
58641
5878
5890
589342
589343
589344
589345
589350
589351
5911
5934
5935
5936
5957
5977
5988
60004
60005
6020
697907
716545
72036
766764
767765
77924
77926
77927
77928
8030
81532
81824
88560
88562
905079
938130
946362
96335
9733
